# Catppuccin Mocha-inspired colors for lf
# format: pattern color
# color codes use ANSI escape values

# Core file types
di 38;2;137;180;250
ln 38;2;148;226;213
or 38;2;243;139;168
tw 38;2;166;227;161
ow 38;2;249;226;175
st 38;2;166;227;161
pi 38;2;245;194;231
so 38;2;245;194;231
bd 38;2;250;179;135
cd 38;2;250;179;135
su 38;2;250;179;135
sg 38;2;250;179;135
ex 38;2;166;227;161
fi 38;2;205;214;244

# Common text / code / config files
*.txt 38;2;205;214;244
*.md 38;2;137;180;250
*.rst 38;2;137;180;250
*.org 38;2;137;180;250
*.log 38;2;250;179;135

*.json 38;2;245;194;231
*.yaml 38;2;166;227;161
*.yml 38;2;166;227;161
*.toml 38;2;249;226;175
*.ini 38;2;249;226;175
*.conf 38;2;249;226;175
*.cfg 38;2;249;226;175

*.sh 38;2;166;227;161
*.bash 38;2;166;227;161
*.zsh 38;2;166;227;161
*.fish 38;2;166;227;161
*.lua 38;2;245;194;231
*.vim 38;2;245;194;231

*.py 38;2;249;226;175
*.R 38;2;137;180;250
*.r 38;2;137;180;250
*.Rmd 38;2;245;194;231
*.qmd 38;2;245;194;231
*.jl 38;2;250;179;135

*.c 38;2;137;180;250
*.h 38;2;137;180;250
*.cpp 38;2;137;180;250
*.hpp 38;2;137;180;250
*.rs 38;2;250;179;135
*.go 38;2;148;226;213
*.java 38;2;243;139;168
*.js 38;2;249;226;175
*.ts 38;2;137;180;250
*.html 38;2;250;179;135
*.css 38;2;137;180;250
*.scss 38;2;245;194;231
*.sql 38;2;148;226;213

# Data / science / bioinformatics
*.csv 38;2;166;227;161
*.tsv 38;2;166;227;161
*.xlsx 38;2;166;227;161
*.xls 38;2;166;227;161

*.fa 38;2;166;227;161
*.fasta 38;2;166;227;161
*.fq 38;2;166;227;161
*.fastq 38;2;166;227;161
*.vcf 38;2;245;194;231
*.bcf 38;2;245;194;231
*.bam 38;2;250;179;135
*.sam 38;2;250;179;135
*.bed 38;2;137;180;250
*.gff 38;2;148;226;213
*.gtf 38;2;148;226;213

# Documents / media / archives
*.pdf 38;2;243;139;168
*.doc 38;2;137;180;250
*.docx 38;2;137;180;250
*.ppt 38;2;250;179;135
*.pptx 38;2;250;179;135

*.png 38;2;148;226;213
*.jpg 38;2;148;226;213
*.jpeg 38;2;148;226;213
*.svg 38;2;245;194;231
*.webp 38;2;148;226;213

*.zip 38;2;250;179;135
*.tar 38;2;250;179;135
*.gz 38;2;250;179;135
*.xz 38;2;250;179;135
*.bz2 38;2;250;179;135
*.7z 38;2;250;179;135

# Special names
README 38;2;205;214;244
README.* 38;2;205;214;244
LICENSE 38;2;249;226;175
Makefile 38;2;137;180;250
Dockerfile 38;2;137;180;250
